item_id,genre_id
1,2|3|4
2,1|3|8
3,4|13
4,4|7
5,4
6,0|5|15
7,4|13
8,1|3
9,0
10,0|1|15
11,4|7|13
12,4|10
13,2|3
14,7
15,0|1|13
16,7|15
17,7|13
18,15
19,4
20,0
21,0|4|7
22,5|7|15
23,15
24,7|14
25,7|13
26,7
27,7
28,13
29,1|14
30,7
31,7
32,7|14
33,1|13
34,3|4|7
35,7|13
36,7
37,6
38,4
39,4|13
40,7
41,7|16
42,0|5|7
43,7
44,0|1
45,4|7
46,7|13
47,5|15
48,2|3|11|13
49,7|13
50,5|15
51,0|7|15
52,4
53,7
54,3|4
55,7
56,1|3|8
57,7
58,7|13
59,7|12
60,1|3|8
61,7|15
62,7
63,4
64,4|13
65,4
66,14|15
67,7
68,4|13
69,4
70,0|4|5|10|15
71,0
72,4|7
73,7|11
74,7|13
75,4|7
76,14|15
77,6
78,7
79,7|15
80,7
81,5|7|13
82,7
83,7
84,4|7
85,7|13
86,1|7
87,3|4
88,4
89,0|15
90,7
91,7|15
92,4|13
93,7
94,0|15
95,4
96,7
97,0|15
98,6
99,7|15
100,4
101,4
102,15
103,4
104,7|13
105,4|7
106,1|3|4|11
107,6
108,4
109,0|7|16
110,7|15
111,0|1|5
112,7|12
113,7
114,4
115,6
116,5
117,4|13
118,4
119,7
120,7
121,4|13
122,7|12|13
123,7
124,4
125,1|3|8
126,7
127,6
128,4|13
129,7
130,7|13
131,15
132,4|7
133,6
134,4
135,6
136,6
137,7
138,0|7
139,7|13
140,4
141,7
142,7
143,4
144,0
145,1|3
146,7
147,7
148,5|7|15
149,7
150,7|13|16
151,10
152,0|1|4|5
153,7
154,7|16
155,4
156,4|16
157,1|3
158,7
159,0|1|12|14
160,7|15|16
161,6
162,0|13|15
163,5|9|12|15
164,0|15
165,4|7
166,7
167,0|1|7|13
168,1|3|7
169,0|5|15
170,4
171,0|14|15
172,0|1|14
173,4
174,7
175,4
176,10
177,4
178,7|13
179,4
180,0|3
181,7|13
182,15
183,7
184,14|15
185,4
186,4
187,10
188,4
189,15
190,7
191,6
192,7
193,7
194,4|7|13
195,10|14
196,7
197,0|5|14
198,7|11
199,15
200,7
201,7|13
202,4
203,0
204,4|7
205,6
206,7|13
207,0|1
208,7
209,17
210,7
211,4
212,7
213,7
214,7|13
215,4
216,7|15
217,4|7
218,7
219,10
220,7|13
221,4
222,4|7|13
223,7|15
224,15
225,0
226,4
227,7|15
228,7|15
229,4
230,4|7
231,7
232,4
233,4|7
234,4|13
235,4|13
236,1|3
237,2|3|4|13
238,15
239,3|7
240,7|11
241,4
242,2|3
243,5|7
244,6
245,7|8|13|15
246,4
247,7|13
248,3|4
249,0
250,4|13
251,7|10
252,7
253,4
254,4|14
255,12|15
256,1|3|4|8|13
257,5|7|15
258,0|1|8|14
259,7
260,3|7
261,7
262,7
263,7|13
264,7|13|16|17
265,4
266,7
267,7
268,7|13
269,7
270,7
271,7|10
272,4
273,4
274,4|13
275,7
276,4
277,7
278,7|15
279,7
280,7
281,5|7
282,0|5
283,7|10
284,0|14|15
285,4|13
286,0|15
287,4|13
288,5|7
289,15
290,0|7|15
291,5|7|13|15
292,4|13
293,4|13
294,5|7
295,7
296,4
297,7
298,7
299,7|13
300,7|13
301,0|1|17
302,4|7
303,4
304,7
305,7
306,7
307,7
308,4
309,10|15
310,4
311,2|3
312,7
313,0
314,0|1|14
315,3|4|8
316,7
317,15
318,9|15
319,7
320,4|7
321,4
322,4
323,7
324,0|4|11|14
325,10
326,0|1|14
327,4|10
328,7
329,10|14
330,4
331,7
332,12|15
333,7|16
334,7
335,14|15
336,4|13
337,1|7
338,7
339,4|13
340,3
341,4
342,4|7
343,7|11
344,7
345,4
346,0|1|15
347,7|12|15
348,4|7|13
349,4
350,0|13|15
351,7
352,3|4
353,4|13|16
354,4|13
355,7
356,4|7|13
357,0|4
358,7|13
359,1|3|13
360,6
361,2|3|11
362,7
363,10
364,4|5|8
365,0|4|17
366,7
367,4
368,4|7
369,4|7
370,15
371,3|4
372,7
373,0|15
374,0|13|15
375,4|13
376,0|14
377,0|1|4|13
378,7
379,7|10
380,17
381,0
382,7
383,7
384,0|4
385,7
386,7|13|16
387,0|4|7
388,5|7
389,1|3
390,0
391,0
392,7
393,7
394,10
395,6
396,7
397,7
398,0|15
399,4
400,4|5|7
401,6
402,0|14
403,7
404,10|15
405,7
406,7
407,4
408,4
409,7
410,4
411,4
412,4|15
413,17
414,4|13
415,7
416,4
417,0|4
418,1|3
419,15
420,0|15
421,7
422,7|13
423,10|14|15
424,12|13|15
425,7
426,4
427,7
428,5|7
429,4|17
430,4
431,0|1|5
432,4|14
433,7|15
434,4
435,0|4
436,7
437,4|13
438,4
439,0|14
440,6
441,4|13
442,4
443,7|13
444,4|13
445,7
446,4
447,4|7
448,7|12|13
449,7
450,4
451,7|15
452,1|3|7
453,7
454,0|15
455,7|17
456,0
457,4
458,7|13
459,0|1
460,5|7|15
461,0|1|5|15
462,0|7|16
463,0|4|16
464,4
465,4|13
466,7|13
467,4
468,4|13
469,4|7
470,4|16
471,0|15
472,7
473,4|7
474,7
475,4
476,0
477,0|1|14
478,7|15
479,15
480,7
481,1|3
482,0|4
483,4
484,4|17
485,7
486,4
487,15
488,7
489,4|12
490,0|5|7
491,0|15
492,7
493,4|7|13
494,4|13
495,7|13
496,4|13
497,4
498,7
499,0|3
500,7
501,0|14
502,4
503,7
504,0|7
505,7
506,7|13
507,7
508,0|7
509,10|14
510,4|12|13
511,4
512,7
513,4|7|16
514,0|7|12
515,4
516,14|15
517,4
518,5|15
519,0|7
520,7
521,7
522,7
523,7
524,7|16
525,7
526,7
527,7
528,3|7
529,4|5|10
530,0
531,7|13
532,7
533,7
534,4|7
535,7
536,4|13
537,15
538,9|14
539,4
540,4|13|15
541,0
542,7
543,0|1|3|14
544,0|1|15
545,0
546,6
547,4|13
548,3|4|11
549,0|1|4
550,17
551,15
552,0|5|13
553,6
554,7
555,0|1|2|3|8
556,4
557,7
558,15
559,4|7
560,7
561,4
562,10
563,4|13
564,7
565,4|7
566,3|4
567,4|7
568,7
569,7
570,7
571,4|7
572,3|4
573,4
574,1|3
575,7|12
576,15
577,7
578,6
579,4
580,4|7
581,7
582,4
583,3|4
584,4|13|15
585,2|3|4|11
586,0|14|15
587,1|7|17
588,0|7|15
589,0|1|5|7
590,7|15
591,2|3|11
592,2|3|11
593,2|3
594,4|13
595,4
596,17
597,15
598,7
599,6
600,4
601,6
602,7|13
603,10
604,7
605,5|7|15
606,1|3
607,0|1|2|10|14
608,0|10|14
609,4
610,7|13
611,7|15
612,7
613,2|3
614,7
615,4|13
616,4
617,7
618,7
619,13
620,0|7|15
621,7
622,4
623,7|15
624,7|15
625,7
626,7|13
627,2|3|11
628,16
629,4
630,4
631,4|7
632,7
633,4
634,13
635,4
636,7|15
637,4
638,7
639,4
640,4
641,7
642,7|16
643,0|1|12
644,4|7
645,7
646,4
647,12
648,0|1|8
649,7|13
650,4
651,4
652,4|7
653,7
654,5|15
655,7
656,2|3|11
657,15
658,4
659,4
660,16
661,7
662,0
663,7
664,7
665,7
666,4|14
667,7
668,1|2|3|4|8
669,1|14
670,0|7|15
671,7
672,7|15
673,7
674,14
675,5
676,6|7
677,6
678,7
679,7
680,7|13
681,0|1|4|16
682,13
683,4|13
684,0|14|15
685,7
686,0
687,12|15
688,15
689,7|13
690,7
691,7
692,4
693,7
694,7
695,7
696,0|1
697,4
698,7
699,5|9|15
700,4|13
701,2|3
702,4
703,1|3
704,7
705,7
706,17
707,7
708,5
709,4
710,4|14
711,4
712,2
713,7
714,6
715,7
716,7|10
717,4
718,7
719,6
720,4
721,7
722,7
723,12|15
724,5
725,0|1|15
726,4
727,4|10
728,0|1|13|15
729,0|14
730,7
731,4
732,2|14
733,10|15
734,4
735,7
736,2|4|15
737,9
738,4
739,0|14|15
740,7
741,14|16
742,4
743,4|13
744,4|7
745,1|3
746,3|7
747,6
748,7
749,7
750,6
751,16
752,1
753,4|5
754,7
755,7|13
756,4|7
757,7
758,7
759,7
760,6
761,7
762,4|7
763,4
764,7
765,7
766,10
767,4|7
768,16
769,7
770,7|13
771,0|14|16
772,7
773,15
774,2|3|11
775,4
776,4
777,0|15
778,6
779,4|8|13|14
780,7
781,7
782,6
783,8
784,7
785,4|7
786,7
787,7
788,4
789,0|1|15
790,4|10
791,7|12
792,3|4
793,7|13
794,13
795,4|13
796,7
797,7
798,4|13
799,1|3
800,0|1
801,3|4|8
802,4
803,7
804,4
805,7
806,0|12|15
807,7
808,4
809,4|7
810,7
811,13
812,7
813,7
814,7
815,4|13
816,7
817,7
818,1|3
819,4|11
820,4
821,7
822,7|15
823,4
824,4
825,7
826,0|1|15
827,3|4
828,4|7|13
829,0|15
830,4
831,10
832,10
833,7
834,7
835,7
836,7
837,4|7
838,7
839,0|1|14|15
840,5|7
841,7
842,4|13
843,7
844,7
845,7
846,4
847,7
848,0|5|7
849,6
850,4
851,0|15
852,7
853,4
854,4|7
855,7
856,5|7|13|15
857,4|5
858,4
859,5
860,4
861,4
862,7
863,7
864,5|7
865,7
866,0
867,7
868,7
869,10
870,14|15
871,3|4
872,7|15
873,7
874,3|7|8
875,0
876,7
877,2|3
878,13
879,15
880,10|15
881,4|7|13
882,7
883,13
884,7
885,7
886,1|16
887,4|13
888,11|13
889,11|13
890,4|11
891,7|13
892,12|15
893,12|15
894,4
895,12|15
896,4|11|13
897,7|15
898,4|7
899,4|5
900,4|12|13|15
901,7|13|16
902,9|12
903,11|13
904,4|13
905,4|13
906,3|7
907,11
908,1|3|7|11
909,7|13|16
910,4
911,9
912,7
913,7|12|14|15
914,1|13
915,7
916,4
917,13|15
918,15
919,9|13|15
920,12|13|15
921,13
922,4|13|15
923,4
924,4|11
925,4|13
926,4|13
927,11
928,4|7
929,0|1
930,1
931,5|9|12
932,7|13
933,7
934,4|11|13
935,4|7|16
936,4
937,7
938,7
939,12
940,4
941,1|4
942,7
943,7
944,4
945,7|13
946,7
947,4|12
948,7
949,5|7
950,7
951,5|7
952,11
953,17
954,15
955,7
956,17
957,10|14
958,0|1|13|16
959,4|7
960,7
961,7
962,7
963,7|13
964,4|11
965,13|16
966,12
967,7
968,7|16
969,0
970,7
971,7
972,13
973,4|7
974,6
975,1|3
976,7|13
977,4|7
978,7
979,0|1|15
980,7|16
981,15
982,7
983,7
984,0|7|17
985,7|15
986,0|5
987,5
988,5
989,4
990,4
991,7|15
992,0|15
993,3|4
994,7
995,3|4|17
996,17
997,1|3|8
998,3|4
999,1|3|4
1000,3|7
1001,3|7
1002,3|4|7
1003,1|3
1004,3|4
1005,1|3
1006,3|4|12
1007,1|3|8|14
1008,4
1009,3|4
1010,2|3|11
1011,2|3
1012,2|3|11
1013,2|3
1014,3|7
1015,7
1016,3|4|11
1017,2|3|11
1018,1|2|3|11
1019,1|3|11
1020,2|3|11
1021,2|3
1022,5
1023,11
1024,0|15
1025,0|14|15
1026,7
1027,6
1028,7
1029,7
1030,4
1031,7|13
1032,7
1033,4|7
1034,7|13
1035,0|15
1036,0|1
1037,6|7
1038,7
1039,7
1040,5|7
1041,7
1042,15
1043,7
1044,4|11|13
1045,7
1046,7|13
1047,4|7
1048,5|7
1049,7
1050,7
1051,2|3|4
1052,12
1053,4|11|13
1054,4|11|13
1055,5|9
1056,9|15
1057,1
1058,13|16
1059,1|3|4|8
1060,4
1061,15
1062,4|14
1063,4|16
1064,4
1065,4
1066,4|11
1067,7
1068,4|11
1069,5|7
1070,1|7
1071,12|15
1072,11
1073,11|13
1074,5|15
1075,7|16
1076,4
1077,12|15
1078,7|11
1079,7|13|16
1080,7
1081,7
1082,3|7|8|14
1083,4
1084,7
1085,0|13
1086,0|13
1087,0
1088,7
1089,7
1090,10
1091,6
1092,4
1093,6
1094,7
1095,0
1096,6
1097,0|7
1098,4
1099,7
1100,4|7
1101,7
1102,7
1103,1|17
1104,7
1105,7
1106,7
1107,6
1108,6
1109,7
1110,4
1111,4|8
1112,0|1|14|15
1113,10
1114,0|1|14|15
1115,10
1116,7
1117,7
1118,4|7
1119,0|7
1120,4
1121,4
1122,13
1123,6
1124,7
1125,7
1126,7
1127,7
1128,4
1129,6
1130,6
1131,4|7
1132,6
1133,2|4
1134,6|7
1135,7
1136,2|4|15
1137,5|9|15
1138,9
1139,9
1140,7
1141,7
1142,7
1143,4
1144,13
1145,4
1146,7
1147,4
1148,7
1149,7
1150,7|15
1151,4
1152,4
1153,10
1154,6
1155,0
1156,4
1157,4|7|13
1158,7
1159,4
1160,4|14
1161,7
1162,7
1163,7|16
1164,5|7|9
1165,4
1166,0
1167,7|13|16
1168,4|16
1169,7
1170,7
1171,7
1172,4|13
1173,6
1174,7
1175,6
1176,6
1177,7
1178,4
1179,0|1|7|14|16
1180,0|1|4|13
1181,0|1
1182,14
1183,0|14|15|16
1184,0|17
1185,4
1186,7
1187,1|16
1188,0|2|3|14|15|16
1189,14
1190,7
1191,7|16
1192,17
1193,0|1|13|14|16
1194,4|7|13
1195,12|15
1196,5|7
1197,0|10|14|15
1198,0|1|4|10|14
1199,1|13
1200,7|16
1201,0|15
1202,10|15
1203,0|4|11
1204,0|5|7
1205,0|7|16
1206,2|4
1207,7|16
1208,7
1209,4|13
1210,5|7|15
1211,7
1212,4|13
1213,7
1214,12|14
1215,0|7|16
1216,4|5
1217,4
1218,4|7
1219,7
1220,4
1221,0|14|15
1222,4|10
1223,0|7|16
1224,4|7
1225,4|7|13
1226,7
1227,7
1228,7|13
1229,5|9|15
1230,15
1231,7|16
1232,7
1233,9|12|15
1234,7|14
1235,1
1236,4|10
1237,4|16
1238,4
1239,10
1240,1|4|7
1241,5|9|15
1242,0|1|4|10
1243,1|16
1244,7|16
1245,0|7|12|13|15
1246,4|13
1247,17
1248,9|15
1249,7
1250,4|12|15
1251,4|14
1252,7
1253,7|16
1254,4|7
1255,1|2|14|15
1256,0|1
1257,4|7
1258,0|7|13
1259,4|10
1260,4|7
1261,7
1262,4
1263,2|3|11
1264,17
1265,9|12
1266,4
1267,7|13
1268,0|1|7
1269,4|7|11
1270,6|16
1271,7|13
1272,0|1
1273,4
1274,7
1275,4|16
1276,7
1277,7|13
1278,4
1279,7|11|16
1280,7|16
1281,7
1282,14
1283,7
1284,1
1285,0|4|17
1286,7
1287,7|14
1288,4|13
1289,4
1290,7|13
1291,6
1292,4
1293,7
1294,5
1295,13
1296,6
1297,7
1298,4
1299,4|7
1300,6
1301,0|10|14|15
1302,10
1303,10
1304,10
1305,10
1306,10
1307,10
1308,10
1309,10
1310,10
1311,4|10
1312,10
1313,10|15
1314,10
1315,10|14
1316,0|10
1317,10
1318,10
1319,10|13
1320,10
1321,10
1322,10
1323,15
1324,9|15
1325,10
1326,10
1327,10
1328,10
1329,10
1330,10
1331,7
1332,5|15
1333,4|13
1334,7
1335,10|15
1336,0|1|14
1337,7|13
1338,7|15
1339,1|3|4
1340,7
1341,6
1342,7
1343,7
1344,0
1345,7
1346,7
1347,3|4
1348,7
1349,7|15
1350,0|15
1351,0|1|14
1352,0|1|14
1353,0|1|14
1354,0|1|14
1355,0|1|14
1356,0|1|14
1357,0|1|4|5
1358,0|4|17
1359,0|4|17
1360,4|11|13
1361,4|11|13
1362,0|7
1363,0|14
1364,7
1365,0
1366,17
1367,0|10
1368,0|10
1369,0|10
1370,4
1371,0|4|14|16
1372,4|7
1373,7|13
1374,4
1375,4|7
1376,5|7|14
1377,7
1378,13|16
1379,7
1380,7
1381,7
1382,5|7
1383,2|4
1384,7
1385,10|15
1386,0|13|16
1387,4|13
1388,4|7
1389,7
1390,7
1391,7
1392,4
1393,5|7|13
1394,7|11
1395,7
1396,7
1397,6
1398,6
1399,12|15
1400,7
1401,0
1402,4
1403,3
1404,15
1405,7
1406,0
1407,15
1408,0|4
1409,0
1410,4|10
1411,0
1412,4
1413,7
1414,0|15
1415,4
1416,4
1417,4|13
1418,7
1419,6
1420,4
1421,4|16
1422,4
1423,5
1424,6
1425,4
1426,16
1427,4|13
1428,4
1429,4|13
1430,4
1431,4|13
1432,13
1433,12|15
1434,3|4|12
1435,4
1436,6
1437,4|13
1438,12
1439,7
1440,5|7
1441,4|7
1442,4|13
1443,6
1444,7
1445,5|15
1446,0|4|5|7
1447,3|4
1448,13
1449,4|7
1450,13
1451,0|13|15
1452,0|7|15
1453,4|7
1454,7|15
1455,12
1456,4
1457,7
1458,7|11
1459,0|7|15|16
1460,2|3|11
1461,4
1462,13
1463,4
1464,0|1|3
1465,7|13
1466,0
1467,7|13
1468,0|1|15
1469,4|5
1470,5
1471,13
1472,4
1473,7
1474,7|16
1475,7
1476,7
1477,7
1478,4
1479,4
1480,13
1481,7|15
1482,4
1483,4
1484,0|15
1485,7
1486,13
1487,7
1488,0|5|13
1489,7
1490,0|1|3|8
1491,4
1492,0|14
1493,4
1494,7
1495,7
1496,4
1497,7
1498,7
1499,7|13
1500,4
1501,1|3
1502,4|5
1503,4|13
1504,4|7|13
1505,7
1506,0|1|14|15
1507,7
1508,4
1509,3|7
1510,7
1511,7|13
1512,4|13
1513,1|3|7
1514,0|1|15
1515,4
1516,7|13
1517,7
1518,0|13|15
1519,7
1520,4
1521,7
1522,4
1523,0|1|5
1524,7
1525,4|13
1526,4|15
1527,1|2|3|4|11
1528,7
1529,5|7|12
1530,4|13
1531,14
1532,4|13
1533,7
1534,0|14|15
1535,13
1536,7
1537,7
1538,5
1539,7
1540,0|1|4|14
1541,4
1542,1|3
1543,3|8
1544,7|14
1545,4
1546,0|7|16
1547,0|1
1548,3|4
1549,5|7|12
1550,0|12|14|15
1551,0|1|14|15
1552,3|4
1553,4|13
1554,7
1555,1|3|7
1556,7
1557,0|12|13|15
1558,5|7|15
1559,0
1560,7|13
1561,5|7|9
1562,4
1563,14|15
1564,0|4
1565,1|13
1566,0|1
1567,0|15
1568,7
1569,0|15
1570,7
1571,4
1572,7
1573,4
1574,1|15
1575,0|15|16
1576,5|9|12|15
1577,7|16
1578,5|7|15
1579,7
1580,4|7
1581,10
1582,7
1583,12|15
1584,0|7|15
1585,0|5|12
1586,7
1587,4|13
1588,4|7
1589,15
1590,4|13
1591,7
1592,7
1593,0|15
1594,7|13
1595,4
1596,4
1597,4|7
1598,7|13
1599,10|12|15
1600,5|10|12|15
1601,4
1602,5|15
1603,4|7|15
1604,6
1605,7
1606,7
1607,6
1608,7|14|15
1609,3|7|8
1610,10
1611,13
1612,6
1613,13|15
1614,7
1615,7
1616,15
1617,5
1618,4
1619,7
1620,4
1621,13
1622,0|7
1623,7
1624,13
1625,7|16
1626,5
1627,7
1628,7
1629,7|13|15
1630,5|15
1631,0|1|14|16
1632,4
1633,7
1634,4
1635,7|13
1636,0|1
1637,7
1638,7|13|15
1639,13
1640,13
1641,5|15
1642,0|15
1643,2|3|11
1644,4|12
1645,0|10|14
1646,10|14
1647,7
1648,7
1649,7
1650,7|16
1651,5
1652,4
1653,7
1654,4|7
1655,3|4|8
1656,4
1657,7
1658,7
1659,7
1660,3|4
1661,7
1662,15
1663,7
1664,4|5|7|12
1665,3|4
1666,13
1667,15
1668,7
1669,10|15
1670,15
1671,7
1672,0|1|14
1673,7|13
1674,0|13|15
1675,4|7
1676,7
1677,7
1678,7
1679,7
1680,7
1681,5|7
1682,7
1683,4
1684,4|5|12|15
1685,7|13
1686,4|7
1687,7|13
1688,4
1689,0|3
1690,0|7
1691,7
1692,5
1693,6
1694,0|1|15
1695,4
1696,4|7
1697,9|14|15
1698,13
1699,1|3|8|14
1700,0|15
1701,4
1702,0|12|15
1703,13
1704,10
1705,7
1706,7
1707,7
1708,4|11
1709,0|10|14
1710,4|15
1711,5|7
1712,7|13
1713,7
1714,0|15
1715,13|15
1716,10
1717,0|4|11
1718,0|7
1719,4|7
1720,7
1721,4|13
1722,1|14|15
1723,6
1724,7
1725,4|13
1726,9|12|15
1727,4|7
1728,0|5
1729,6
1730,0|7
1731,7
1732,5|7
1733,0|15
1734,4
1735,4|7
1736,7
1737,0|7
1738,6
1739,15
1740,5|7
1741,0|7|13
1742,5|7
1743,5|7|12|15
1744,1|3|4
1745,7
1746,4|5|7
1747,7
1748,7
1749,3|4|7
1750,7
1751,7
1752,4|7
1753,4|7|13
1754,7
1755,7
1756,4|13
1757,3|4
1758,4|15
1759,0|7
1760,1|3
1761,4|6
1762,7|13
1763,4
1764,0|14|15
1765,0|7
1766,0|7|15
1767,7|15
1768,13
1769,7
1770,4
1771,4
1772,7
1773,7|15
1774,5|7
1775,3|4
1776,7
1777,4|15
1778,7
1779,7|15
1780,1|3|4|8
1781,1
1782,7|13
1783,7|13
1784,7|15
1785,4
1786,4|13
1787,4
1788,6|11
1789,4
1790,0|4
1791,7
1792,7
1793,4|15
1794,10|14
1795,4
1796,4
1797,6
1798,0|4
1799,0|1
1800,7|16
1801,0|15
1802,4|7
1803,4|7
1804,7
1805,7
1806,4|13
1807,4
1808,0|7|14|15
1809,7
1810,4|13
1811,7
1812,7
1813,1|2|3|8
1814,0|14
1815,4
1816,4|7
1817,4|7
1818,4
1819,1|4
1820,4|7|13
1821,15
1822,7
1823,10|15
1824,12|15
1825,7
1826,1|4|13
1827,4|7|13
1828,4
1829,7|13
1830,7|16
1831,1|7
1832,7
1833,6
1834,7|13
1835,4
1836,4|7
1837,7
1838,4|13
1839,2|3
1840,7|15
1841,12|14|15
1842,0|4|5
1843,4
1844,0|5|13
1845,7|12
1846,4|7
1847,7
1848,0|4|7
1849,0|1|14|15
1850,0|4|5|7
1851,3|4
1852,2|3|8|16
1853,14|15
1854,7
1855,4
1856,10|14
1857,7|13|16
1858,11
1859,16
1860,17
1861,7
1862,7
1863,1
1864,11
1865,7
1866,4
1867,7
1868,7|16
1869,4
1870,7
1871,7|16
1872,7
1873,7
1874,7
1875,7
1876,7|13|16
1877,5|7
1878,7|13
1879,11|13
1880,4
1881,7
1882,7|12
1883,11
1884,7
1885,0|5|7|15
1886,0|7
1887,7
1888,7
1889,7
1890,4|7
1891,7|13
1892,7|16
1893,7
1894,7
1895,4
1896,7|12
1897,4|14
1898,4
1899,1|3|8
1900,4|7
1901,10
1902,10
1903,10
1904,10
1905,10
1906,10
1907,10
1908,10
1909,10
1910,10
1911,10
1912,10
1913,10
1914,10
1915,10
1916,10
1917,10
1918,10
1919,10
1920,10
1921,10
1922,10
1923,10
1924,10
1925,10
1926,10|15
1927,10|15
1928,10|15
1929,10
1930,10
1931,10
1932,0|4|5|7
1933,0|4|5|7
1934,0|4|5|7
1935,4|10
1936,4|10
1937,1|3|8
1938,0|1|13
1939,4
1940,5|7|9
1941,14|15
1942,14
1943,4|14
1944,4|14|17
1945,0|1
1946,3|4
1947,3|4|8
1948,3|4|17
1949,3|8|11
1950,2|3
1951,0|7
1952,7|13
1953,8|14
1954,7
1955,0|5|7
1956,7|12
1957,7|13
1958,10|15
1959,4|5
1960,0|7|16
1961,4|13
1962,7
1963,3|4
1964,3|4
1965,2|3
1966,14
1967,3|4
1968,3|4
1969,1|3|4
1970,3|4|14
1971,1|3
1972,3|4
1973,0|1|3|4
1974,3|4
1975,1|3|8
1976,4
1977,1|3|7|13
1978,1|3|14
1979,3
1980,2|3
1981,4|11
1982,1|3|4
1983,1|3|4
1984,3|4
1985,3|4|14
1986,1|3|4|8|14
1987,4|17
1988,1|3
1989,1|3
1990,0|15
1991,3|7
1992,4
1993,6
1994,7|13
1995,7|13
1996,4|6
1997,4|7|13
1998,9
1999,7|13|16
2000,7
2001,7
2002,7
2003,7
2004,4
2005,4
2006,7
2007,7|16
2008,7|12
2009,1|3
2010,2|3|4|11
2011,3|7
2012,2|3|4|11|13
2013,2|3|4|11|13
2014,3|4
2015,3|11
2016,3|11
2017,2|3
2018,7|8
2019,2|3|8|11
2020,1|4|11
2021,2|3
2022,2|3
2023,3|14
2024,2|3|11
2025,1|3|8|14
2026,0|1|14
2027,3|4
2028,2|3|11
2029,3|10
2030,3|4
2031,1|2|3|11
2032,4|8|13
2033,1|7
2034,2|3|4|11
2035,1|3
2036,7
2037,0|1|8|14
2038,7|16
2039,10|15
2040,4|13
2041,4
2042,4|5|15
2043,4
2044,5|7
2045,10|15
2046,7
2047,0|1
2048,1|2|3|14
2049,7|14
2050,10|15
2051,10
2052,7|10
2053,10|15
2054,10|15
2055,2|3
2056,4
2057,7|13
2058,0|5|12|15
2059,7|13
2060,4
2061,6
2062,5|7|13
2063,7
2064,7
2065,1|4
2066,4
2067,1|11
2068,4
2069,2|3
2070,2|3|7|8
2071,2|3
2072,3|8|14
2073,2|3|4
2074,2|3|4
2075,1|8|13
2076,4
2077,4|7|13
2078,7|13
2079,7
2080,4|10
2081,4|10
2082,4
2083,4
2084,3|4
2085,0|1
2086,7|13
2087,4
2088,4|7
2089,13
2090,5|10
2091,5|10
2092,10|15
2093,1|3|8
2094,1|3|8
2095,4|10
2096,7
2097,7
2098,7|13
2099,0|1|10
2100,7|13
2101,4
2102,0|4
2103,4|7|13
2104,4
2105,1|8|14
2106,4|8
2107,7|13
2108,15
2109,4|15
2110,15
2111,15
2112,15
2113,15
2114,7|9|15
2115,15
2116,12|15
2117,15
2118,9|15
2119,12|15
2120,7
2121,2
2122,7
2123,4
2124,7
2125,0|1|8
2126,0|5|7
2127,4
2128,0
2129,7
2130,6
2131,5|7
2132,7
2133,7
2134,7|15|16
2135,9|15
2136,15
2137,4
2138,12|15
2139,7
2140,4|12|13|15
2141,5|15
2142,15
2143,15
2144,15
2145,4|11
2146,15
2147,4|13
2148,7
2149,4|11
2150,7
2151,12|15
2152,7
2153,15
2154,4
2155,4
2156,7
2157,7
2158,7
2159,15
2160,7
2161,7
2162,4
2163,5|7
2164,14|15
2165,7
2166,7
2167,7|16
2168,7
2169,7
2170,4|7
2171,4|7
2172,7
2173,4
2174,7
2175,4|7|13
2176,4|13
2177,4|7
2178,4
2179,4
2180,4|7|13
2181,4
2182,7
2183,4
2184,4|7
2185,0|4|8
2186,7
2187,4
2188,10|14
2189,4|13
2190,0
2191,4|13
2192,0|5
2193,4
2194,4|7|13
2195,15
2196,7
2197,1|4
2198,4|13
2199,12|15
2200,5|7
2201,7
2202,6
2203,7
2204,7
2205,0|15
2206,7
2207,0|1|14
2208,7
2209,7
2210,0|5|15
2211,10|15
2212,5
2213,5
2214,4|7
2215,7
2216,7
2217,7
2218,4
2219,14|15|16
2220,0|10|14|15
2221,4|7
2222,4|7
2223,7|13
2224,13
2225,7
2226,2|3
2227,4
2228,4
2229,7|13
2230,15
2231,4
2232,4|11
2233,4
2234,4
2235,7|11
2236,7
2237,7
2238,4
2239,0|7
2240,0|5
2241,7
2242,7
2243,12|14
2244,7
2245,7
2246,7
2247,10|15
2248,7|13
2249,4
2250,4
2251,4
2252,7|15
2253,4
2254,0|1|14|15|16
2255,6
2256,4|7
2257,4
2258,7|15
2259,10
2260,10
2261,7
2262,6
2263,4|13
2264,5|7
2265,7
2266,0|15
2267,4
2268,7
2269,7
2270,10|12|15
2271,4|13
2272,13
2273,7
2274,4
2275,7
2276,0|1|7|15
2277,7
2278,14|15
2279,0
2280,7
2281,4|15
2282,4
2283,7
2284,4|7
2285,0|15
2286,2|3|4
2287,2|3|4
2288,4
2289,7
2290,7
2291,4
2292,7
2293,4
2294,7
2295,0|14
2296,0|14
2297,0|14
2298,0|1|10
2299,0|1|10
2300,0|1|10
2301,4|13
2302,0|1|7
2303,4
2304,4
2305,0|1
2306,4|7
2307,4
2308,0
2309,10|14
2310,4
2311,4
2312,4
2313,4
2314,4
2315,4
2316,3|4
2317,4|13
2318,7
2319,4|5
2320,7|13
2321,5|10|15
2322,4
2323,5|15
2324,4|7
2325,0|14
2326,2|11
2327,4
2328,4|13
2329,7
2330,7
2331,1|3|8
2332,3|7
2333,17
2334,0|16
2335,0
2336,0|16
2337,0|1|4|13
2338,0|1|4|13
2339,4|14
2340,4|14
2341,0|7
2342,0|7
2343,0|7
2344,0|7
2345,4|12
2346,0|1|12
2347,7|13
2348,4
2349,4|7
2350,4
2351,7|15
2352,7
2353,0|1|7
2354,0|1|7
2355,4
2356,4|13
2357,5
2358,4|7|13
2359,0|7|16
2360,10|14
2361,1|3|7
2362,1|3|7
2363,4|7
2364,7
2365,7
2366,7
2367,7
2368,4
2369,7
2370,7|15
2371,7
2372,7
2373,7|17
2374,7
2375,7|13
2376,4|7
2377,7
2378,15
2379,4|7
2380,10|14
2381,1|3
2382,1|3|14
2383,10
2384,10
2385,7|8
2386,10|14
2387,10|14
2388,10|14
2389,0|4
2390,4|5
2391,10
2392,10
2393,10
2394,10
2395,4
2396,10
2397,10
2398,7
2399,12
2400,0|4|13|15
2401,4|13
2402,1|4
2403,1|4
2404,4
2405,4
2406,7
2407,0|12|15
2408,0|16
2409,1
2410,4|17
2411,7|15
2412,7
2413,7|13
2414,4|13
2415,4|10|15
2416,4
2417,4|13
2418,7
2419,0|4
2420,7|10|15
2421,7
2422,0|15
2423,4|13
2424,4
2425,7
2426,6
2427,2|14
2428,4|13
2429,13
2430,4|14
2431,4
2432,4
2433,7
2434,4|13
2435,7
2436,4|7
2437,15
2438,4|7|13
2439,4
2440,7
2441,4
2442,4|13
2443,5
2444,7
2445,10
2446,10
2447,10
2448,10
2449,10
2450,4
2451,10
2452,7
2453,7
2454,7
2455,7|15
2456,0|7
2457,0|10|14
2458,14
2459,0|14|15|17
2460,0|1|14
2461,0|14
2462,0|14
2463,0|14
2464,0|14
2465,0|14
2466,0
2467,0
2468,7
2469,1
2470,6
2471,4
2472,0|5|7|15
2473,7
2474,4|5|15
2475,4
2476,7
2477,4
2478,7
2479,7
2480,10
2481,0|14
2482,10|15
2483,7|15
2484,4
2485,10|14|15
2486,10|14|15
2487,4
2488,4|7|13
2489,7
2490,4|13
2491,2|3
2492,7|10
2493,5|15
2494,7
2495,7
2496,7
2497,11
2498,2|3
2499,4
2500,0|5
2501,7|13
2502,7|13
2503,0|14|15
2504,4|13
2505,7
2506,4
2507,7
2508,7
2509,4|7
2510,14
2511,7
2512,5
2513,4|13
2514,0|4
2515,12
2516,4
2517,7|13
2518,4|5|15
2519,4
2520,7
2521,4|7|13
2522,7
2523,4|13
2524,7
2525,4
2526,7|13|14
2527,6
2528,4|7
2529,4|13
2530,4
2531,4
2532,0|14|15
2533,4
2534,1|14
2535,7
2536,6
2537,5|15
2538,4|10
2539,7
2540,15
2541,7
2542,7
2543,7
2544,7
2545,0|10|14
2546,0|10|14
2547,1|14
2548,0|5
2549,0|1|10|15
2550,4
2551,7
2552,7|13
2553,7|13
2554,4|8
2555,4
2556,7
2557,0
2558,4|7|13
2559,6|7
2560,0|1|8|14
2561,4|13
2562,7
2563,4|9|15
2564,7
2565,10|13
2566,10
2567,10
2568,10
2569,10
2570,10
2571,7
2572,0|1|14
2573,0|1|14
2574,0|1|14
2575,0|1|14
2576,10
2577,10
2578,10
2579,10
2580,10
2581,10
2582,10
2583,10
2584,10
2585,10
2586,10
2587,10
2588,10|14
2589,4|10|11|14
2590,14
2591,4|6
2592,14
2593,14
2594,0|14|16
2595,14
2596,10|14
2597,14
2598,14
2599,14
2600,10|14
2601,16
2602,16
2603,4|13
2604,7|14|15
2605,7
2606,7
2607,4|7|13
2608,7|15
2609,6
2610,7
2611,7|13
2612,7
2613,4|13|14
2614,7
2615,4
2616,4|7
2617,4|7
2618,7|12
2619,2|3
2620,7|15
2621,6
2622,4
2623,7
2624,0|5|13
2625,6
2626,4
2627,7
2628,4
2629,4|7|13
2630,14
2631,0|4|14|15
2632,2|4
2633,0|14|17
2634,7
2635,7
2636,7|13
2637,7
2638,4
2639,15
2640,13
2641,3|4
2642,10
2643,7
2644,7
2645,10|15
2646,7
2647,4|13
2648,4|10
2649,4|10
2650,4
2651,10|15
2652,0|1|3|4
2653,13
2654,0|14|15
2655,0|1|4
2656,4|13
2657,7
2658,5|9
2659,9
2660,7
2661,7
2662,7
2663,7
2664,7
2665,1|4
2666,7
2667,0|1|4
2668,4
2669,0
2670,4|7
2671,7
2672,10
2673,0|15
2674,4|7
2675,7
2676,7
2677,7
2678,4|10|11
2679,4|10
2680,0|1
2681,7|12
2682,4|7
2683,4
2684,4|12
2685,15
2686,10
2687,7
2688,0
2689,7
2690,7
2691,4
2692,7
2693,2|3
2694,15
2695,0|15
2696,5|7|15
2697,4|7
2698,4|7
2699,4
2700,4
2701,5|12
2702,4
2703,7
2704,4
2705,7
2706,4|13
2707,7
2708,6
2709,7
2710,15
2711,4
2712,4|10
2713,10
2714,10
2715,10
2716,10
2717,10
2718,4
2719,10
2720,4
2721,10
2722,10
2723,4
2724,4
2725,4|10
2726,4
2727,4
2728,4
2729,4|8
2730,4
2731,4
2732,2|3
2733,7|13
2734,0|13|15
2735,15
2736,4|7
2737,4|13
2738,4|15
2739,0|14
2740,0|14
2741,4
2742,2|12
2743,4
2744,0|15
2745,6
2746,10
2747,0|16
2748,0|16
2749,0|16
2750,0|16
2751,15
2752,7
2753,1|7
2754,1|13
2755,0|7
2756,6
2757,7
2758,0|10|15
2759,14|15
2760,3|4
2761,4|7
2762,7
2763,7
2764,7
2765,13|16
2766,4|13
2767,0|15
2768,4
2769,4|13
2770,4
2771,7
2772,15
2773,15
2774,5|7
2775,4|13
2776,7|12
2777,7
2778,3
2779,7
2780,7
2781,4|7
2782,7|15
2783,1|14|15
2784,7
2785,10
2786,10
2787,10
2788,15
2789,2|11
2790,4|7
2791,6
2792,4
2793,4|7
2794,7
2795,4|11
2796,4
2797,4
2798,7
2799,4|10
2800,10
2801,7
2802,4
2803,1|15
2804,0|7|8|13
2805,7|12|13
2806,4
2807,7|12|13
2808,2|3
2809,7|11
2810,10
2811,0|1|4
2812,0|1|4
2813,0|15
2814,7
2815,4
2816,4|13
2817,7|13
2818,3|4
2819,7
2820,4|13
2821,4
2822,7|16
2823,4
2824,0|7
2825,0|7
2826,7|13
2827,1
2828,17
2829,4|16
2830,10|12
2831,1|2|3
2832,10|14
2833,10|14
2834,10|15
2835,10|15
2836,7
2837,0|1
2838,7|13
2839,4
2840,7
2841,6
2842,7|13
2843,7
2844,0|5|7
2845,4
2846,4|7
2847,4
2848,0|1|14|15
2849,5|15
2850,4
2851,7|13
2852,7|13
2853,17
2854,17
2855,4
2856,0|4
2857,7
2858,4|7
2859,7|13
2860,7
2861,7
2862,6
2863,7
2864,7
2865,7
2866,11
2867,4|13
2868,4
2869,4
2870,7
2871,7|15
2872,9
2873,11|13|16
2874,7|13
2875,7|13
2876,0|16
2877,12
2878,4|11
2879,0
2880,0
2881,0
2882,1|7|13
2883,0|17
2884,5|15
2885,3|4
2886,7
2887,7
2888,0|5|15
2889,7
2890,7
2891,7
2892,7
2893,4|7
2894,4|13
2895,5|7
2896,7
2897,0
2898,7
2899,7|15
2900,1|8|14
2901,7|13
2902,1|7
2903,11
2904,7|16
2905,4
2906,10|15
2907,7
2908,7|10
2909,4|7
2910,4|13
2911,7
2912,7
2913,6
2914,10|15
2915,15
2916,6
2917,0|5|14
2918,0|5|14
2919,1|2|9
2920,7
2921,0
2922,0
2923,0
2924,10|15
2925,0
2926,7
2927,10
2928,7
2929,4
2930,13
2931,4
2932,0|1|2
2933,7
2934,6
2935,4|7
2936,4|13
2937,15
2938,7
2939,6
2940,15
2941,7
2942,7
2943,7
2944,4
2945,4|10
2946,4
2947,15
2948,10
2949,10
2950,10
2951,5|7
2952,0|7
2953,10
2954,4
2955,4|13
2956,10|14
2957,17
2958,10
2959,10
2960,4
2961,0|7
2962,4|7|17
2963,4
2964,14
2965,4|14
2966,2|3
2967,4|7|16
2968,1
2969,4|7|17
2970,7
2971,4
2972,4
2973,4
2974,4
2975,4
2976,12|13|15
2977,4|7
2978,4|13
2979,7
2980,4
2981,4|16
2982,7
2983,7
2984,4
2985,7|16
2986,2|3
2987,15
2988,15
2989,4
2990,10|14
2991,7
2992,4|7
2993,4|11
2994,0|7|16
2995,15
2996,15
2997,7
2998,16
2999,4|7
3000,7
3001,7
3002,1|4|14
3003,7
3004,4
3005,7|13
3006,17
3007,15
3008,4
3009,6
3010,7
3011,7
3012,7|14
3013,10|13
3014,0|15
3015,4|7
3016,6
3017,10
3018,4
3019,4
3020,4
3021,7
3022,7
3023,7|16
3024,7
3025,7|17
3026,7|13
3027,7
3028,4
3029,4|13
3030,7
3031,4|13
3032,7
3033,15
3034,15
3035,7|13
3036,0|1|4|5
3037,7
3038,7|13
3039,0|7
3040,4|7|13
3041,7
3042,7
3043,7
3044,7
3045,0|15
3046,2|3|4
3047,7
3048,7
3049,7|13|16
3050,7
3051,10
3052,4
3053,9
3054,7|13|17
3055,4
3056,4|7
3057,7
3058,7
3059,7
3060,7
3061,4|7
3062,4
3063,4
3064,4
3065,4
3066,7|16
3067,7
3068,6
3069,0|16
3070,7
3071,0|1
3072,4
3073,7
3074,6|11
3075,7|16
3076,4|13
3077,7
3078,4
3079,7|15
3080,7
3081,12
3082,7
3083,5|7|12
3084,7
3085,0|1|8
3086,7|16
3087,7|13
3088,4|7|14
3089,3|4
3090,7
3091,2|3|11
3092,7
3093,7
3094,4|7
3095,7
3096,7
3097,0|7
3098,1
3099,7
3100,1|7
3101,7
3102,17
3103,7
3104,1
3105,7
3106,4|7
3107,1|4|14
3108,7|12|15
3109,4
3110,7
3111,7
3112,4|7
3113,7
3114,6
3115,7
3116,0|4|5|7
3117,7
3118,7
3119,7
3120,6
3121,4
3122,1|14
3123,7
3124,7
3125,6
3126,7
3127,7
3128,7|16
3129,0
3130,7
3131,4|11|13
3132,4|7
3133,7
3134,7
3135,15
3136,15
3137,10
3138,13
3139,1
3140,0|4
3141,7
3142,4
3143,7
3144,7
3145,2|3
3146,7
3147,7
3148,10
3149,7
3150,7
3151,15
3152,7
3153,7
3154,7
3155,7
3156,7
3157,4|13
3158,6
3159,4|7|15
3160,4
3161,5|7
3162,15
3163,4
3164,4
3165,4
3166,4
3167,4
3168,17
3169,6
3170,15
3171,4
3172,4
3173,4
3174,4
3175,4
3176,4|13
3177,7
3178,7
3179,4|5
3180,4
3181,15
3182,7
3183,7|12
3184,7
3185,4
3186,4
3187,4|7
3188,0|15
3189,0|7|13|15
3190,4
3191,7|13
3192,7
3193,4|7|13
3194,7|12
3195,4
3196,4|10
3197,0|5
3198,0|4|5|7
3199,0|15
3200,0|4
3201,1|13|14
3202,7
3203,7
3204,5|7
3205,10|12|15
3206,0
3207,0|4
3208,4
3209,7
3210,6
3211,0|1
3212,10
3213,6
3214,4
3215,0
3216,4|13
3217,1|7
3218,4
3219,2|3
3220,7
3221,7
3222,4
3223,15
3224,9
3225,7|14
3226,10
3227,7
3228,7
3229,6
3230,7
3231,4|7
3232,0|14
3233,4|5
3234,4
3235,6
3236,5|7
3237,9|10
3238,4
3239,4|7|13
3240,4|7
3241,4
3242,0
3243,17
3244,7
3245,4
3246,0|7
3247,11
3248,0|15
3249,4|7
3250,15
3251,7
3252,4|13
3253,4
3254,4
3255,4|5
3256,4
3257,4|7
3258,4|14
3259,6
3260,5|7
3261,7
3262,7
3263,7
3264,1|3
3265,7
3266,5|7|9|15
3267,5|7
3268,7
3269,4|7
3270,6
3271,16
3272,10|14
3273,4
3274,7|16
3275,4|7|13
3276,10
3277,1|3
3278,10
3279,7
3280,5|15
3281,4
3282,7
3283,10
3284,7
3285,4|13
3286,14
3287,15
3288,6
3289,7|13
3290,4|13
3291,7
3292,7
3293,4
3294,4|5|7
3295,4|7
3296,5|9
3297,17
3298,0|1|16
3299,16
3300,13|17
3301,5
3302,7|15
3303,7
3304,0|16
3305,17
3306,7
3307,14
3308,13
3309,7|16
3310,7
3311,7
3312,9
3313,4|7
3314,7
3315,7|11
3316,0
3317,4
3318,7|12
3319,4
3320,4
3321,0|1
3322,1
3323,4
3324,4
3325,4|8
3326,4|13
3327,4
3328,3|4
3329,3|4
3330,3|4
3331,3|4
3332,2|3
3333,1|14
3334,7
3335,7|15
3336,0|7
3337,0|7
3338,0|1|16
3339,4|7
3340,7
3341,7|15
3342,4|7
3343,7
3344,1
3345,5|7
3346,13
3347,7
3348,7
3349,1|4|14
3350,0|7
3351,4|5
3352,7|15
3353,4
3354,4|13
3355,7
3356,4|7
3357,7
3358,7|13
3359,5
3360,7
3361,2|4
3362,0|7
3363,0|7
3364,0|7
3365,0|7
3366,0|7
3367,5|9
3368,7|13
3369,7
3370,0|3|8
3371,0|3|8
3372,0|3|8
3373,0|16
3374,0
3375,0|7|15
3376,0
3377,12|15
3378,4
3379,7
3380,4|7|16
3381,7
3382,4
3383,4|7
3384,0|13
3385,7|13
3386,4|13
3387,7|15
3388,7
3389,7
3390,7|13
3391,7|10
3392,4
3393,1|7|15
3394,4
3395,4
3396,14|15
3397,7
3398,4|8
3399,7|17
3400,7
3401,7
3402,1|7
3403,7|14
3404,10
3405,4
3406,14|15
3407,7|13
3408,10|12|15
3409,4|7
3410,7
3411,1|8|13
3412,7
3413,4
3414,7
3415,2|3
3416,15
3417,10
3418,14
3419,17
3420,10|14
3421,1|8
3422,10
3423,4
3424,1
3425,10
3426,1|17
3427,4|7
3428,7
3429,4
3430,7
3431,10
3432,4|7
3433,4|13
3434,7
3435,7|14
3436,4|7
3437,15
3438,4|7
3439,4
3440,17
3441,7
3442,7|15
3443,4
3444,7|13
3445,7|15
3446,7
3447,4
3448,4|13
3449,5|7
3450,7|15
3451,0|16
3452,4
3453,4|5|7
3454,7
3455,0|15
3456,4|13
3457,4
3458,4|7
3459,0|14|15
3460,7|13
3461,5|15
3462,4
3463,4|7|13
3464,4
3465,7
3466,4
3467,4|10|15
3468,4|13
3469,4|7
3470,4
3471,6
3472,13|15
3473,0
3474,7
3475,4|7
3476,4
3477,11|16
3478,7|15
3479,7
3480,4|7
3481,11
3482,10
3483,15
3484,4
3485,7|15
3486,7|13
3487,0|15
3488,4|7
3489,15
3490,7
3491,7
3492,7
3493,7
3494,4|7
3495,0|10
3496,3|4
3497,4|7
3498,4|7
3499,4
3500,7
3501,4|7
3502,7
3503,7
3504,10|14
3505,10|14
3506,10|14
3507,7
3508,0|10|14
3509,7
3510,0|7
3511,7
3512,7
3513,7
3514,7
3515,7
3516,0|7|13|15
3517,1|16
3518,7
3519,10
3520,5|7
3521,10
3522,4
3523,4|7
3524,2|14
3525,0|14
3526,7
3527,4
3528,4
3529,4
3530,7
3531,4|11
3532,4|11
3533,4|17
3534,11
3535,4
3536,11
3537,7|11
3538,11
3539,4|7|17
3540,4
3541,6
3542,11
3543,2|3|4
3544,1|11|13
3545,4
3546,4|13
3547,2|3
3548,4|13
3549,4
3550,4
3551,4
3552,4|7
3553,7|10
3554,4
3555,0|15
3556,0
3557,6
3558,4
3559,10|15
3560,0|7|16
3561,4
3562,10
3563,4
3564,4
3565,0
3566,15
3567,0
3568,7
3569,7
3570,0|13|14
3571,0
3572,4|7
3573,7
3574,17
3575,0|7|16
3576,17
3577,7
3578,4
3579,7
3580,10|14
3581,7
3582,10
3583,10
3584,10
3585,6
3586,0|7|16
3587,7
3588,5
3589,7
3590,14
3591,14|15
3592,10|14|15
3593,10|14|15
3594,10|14|15
3595,10|14|15
3596,10|14|15
3597,10|14|15
3598,10|14|15
3599,0|4
3600,7|13
3601,4
3602,16
3603,4|17
3604,1|3
3605,1|3
3606,1|3
3607,11
3608,7|10
3609,6
3610,7
3611,6
3612,6
3613,17
3614,17
3615,7|9
3616,7|13
3617,4|7|13
3618,15
3619,14
3620,4
3621,4
3622,4
3623,4
3624,4|10
3625,4|10
3626,4|10
3627,4|10
3628,4|10|14
3629,0|14|15
3630,0|1|14
3631,1|7|13|14
3632,7|14
3633,5|7|14
3634,0|14
3635,0|14
3636,0|14
3637,0|1|13|15
3638,9|12|15
3639,7
3640,10|15
3641,10
3642,0|4
3643,7
3644,4
3645,7
3646,7
3647,4
3648,0|5
3649,0|5
3650,6
3651,4|13
3652,7
3653,4
3654,4
3655,7
3656,7|16
3657,2|11
3658,0|15
3659,4|10
3660,15
3661,0|5
3662,7|12
3663,7|15
3664,10
3665,7
3666,7
3667,5|7
3668,7
3669,7|17
3670,7
3671,4|13
3672,0|4
3673,5|7
3674,7|16
3675,4|13
3676,0|5
3677,1|2|14
3678,7|16
3679,7
3680,4|13
3681,7
3682,7
3683,2|3|4
3684,4
3685,0|7|16
3686,2|3|4
3687,0|1|15
3688,7
3689,10
3690,7|14|15
3691,2|3|11
3692,4
3693,5|7
3694,10
3695,0|5|15
3696,0|5|15
3697,7|13
3698,0|16
3699,0|16
3700,0|16
3701,0
3702,1|5|14|15
3703,0|1
3704,10
3705,4
3706,4
3707,2|3|11
3708,2|3|11
3709,4|10
3710,4|7
3711,14
3712,14
3713,0|5
3714,0|5
3715,5|7
3716,4
3717,4|10
3718,4
3719,4
3720,7|12
3721,7
3722,7
3723,7
3724,17
3725,0|14
3726,4|7
3727,7
3728,13|15
3729,15
3730,15
3731,2|3
3732,7|13
3733,7|12
3734,0|14
3735,7
3736,4
3737,0|1|7
3738,17
3739,0|1
3740,7|16
3741,4
3742,7|15
3743,7|16
3744,4
3745,7
3746,4
3747,7
3748,4|7
3749,4|11
3750,4
3751,3
3752,4
3753,7|13
3754,7
3755,7|13
3756,7
3757,10|14|15
3758,0|14
3759,4
3760,4|13
3761,4|10|15
3762,4
3763,10
3764,10|14
3765,1|7|13
3766,15
3767,0|4|16
3768,10
3769,10
3770,10
3771,10
3772,0|4
3773,10
3774,10
3775,7
3776,7
3777,4
3778,10
3779,7|15
3780,15
3781,5|15
3782,4
3783,4
3784,7
3785,7|13
3786,7|13
3787,7
3788,15
3789,4
3790,6
3791,5
3792,4
3793,4
3794,14|15
3795,0|1|14
3796,4|6
3797,4
3798,7
3799,4
3800,4
3801,7
3802,7|17
3803,7
3804,4|17
3805,4|13
3806,10
3807,7
3808,0|1|8
3809,14
3810,0
3811,6
3812,6
3813,4
3814,4|7
3815,4
3816,4|13
3817,7
3818,7
3819,7|13
3820,0|1|8
3821,6
3822,5|7
3823,10
3824,4|15
3825,7
3826,5|15
3827,5|15
3828,4|7
3829,0|4
3830,4
3831,4|7
3832,4|7
3833,7
3834,7
3835,7
3836,4
3837,5
3838,7
3839,10
3840,4|13
3841,7|11
3842,4
3843,4|7
3844,6
3845,7
3846,7
3847,7
3848,10
3849,10
3850,10
3851,7|8
3852,4
3853,4
3854,10|14
3855,4
3856,4
3857,1|14
3858,1|14
3859,4|10
3860,4
3861,10
3862,10|14
3863,10|14
3864,10|14
3865,14
3866,10
3867,7|15
3868,14|15
3869,10
3870,10
3871,10
3872,10
3873,10
3874,4
3875,4|7
3876,1|2|3
3877,0|7|15
3878,15
3879,4
3880,7
3881,7
3882,7
3883,7|15
